Model: BNTester
Preicison: 0.34814814814814815 
Recall: 0.9791666666666666 
Accuracy: 0.3819444444444444
F1 score: 0.5136612021857924
